targetid = [
    39627912223135646,
    39627963389446011,
    39627649374491130,
    39627697550264775,
    39627438673632424,
    39627806405039593,
    39627875128706620,
    39627654306990543,
    39627877678846664,
    39627812469997719,
    39627688436043666,
    39627696539438051,
    39627764126452879,
    39627812516138989,
    39627673038751921,
    39628007131844607,
    39628309834762274,
    39628095925261665,
    39627823526186680,
    39627909165486225,
    39627727749255141,
    39627667221252108,
    39628060776990568,
    39627988752402112,
    39627887422213082,
    39627914987176665,
    39627995475871569,
    39627599118340651,
    39627654969691678,
    39627915301750835,
    39627805088025343,
    39627363373286257,
    39628218512181838,
    39627633385801623,
    39636485384703896,
    39627787828464369,
    39628216851239007,
    39627824486685087,
    39627340241706941,
    39627462023319982,
    39627805658449594,
    39627767179910810,
    39627745835093122,
    39627978140813978,
    39628158948868932,
    39627660724278450,
    39627873153192160,
    39628187407224874,
    39628041244120359,
    39627824033699251,
    39627805209662203,
    39628423546538172,
    39636395064559335,
    39628034516453355,
    39627751086362190,
    39627791569785562,
]